1103242660818
1105333454716
FG67BMZ01DH6IX
1105333306685
1106492373990
FG67BMZ02RNLDT
1105610288575
1105430432088
1105333346383
1105609250978
1105333557361
1105333563853
1106492540942
1106514420572
FG67BMZ01AL9PR
1106514264133
1105333560406
1105333590105
1106492492196
1105333603383
1105430382740
1106467258281
1106514318969
1104773276659
1106492501207
1105499855455
1106492456103
1106514468165
1105333627605
1106428573170
1105333319746
1105333592674
1105430415738
1106467214836
FG67BMZ01EUPAT
1106514447993
1105430379424
1105333726247
1105333575328
1106514372041
1106514258189
1103242351764
FG67BMZ02SWKUB
1105071075991
1106514387194
FG67BMZ02TNC5Y
1106492517167
1105430432122
1105333544769
1106514249345
1105297108016
1105499814703
1106492493329
1106514333572
FG67BMZ02S3S7F
1105333577079
1105430526978
1105430282119
1105333598435
1105430407120
