1103242660818
1103242548571
1103242175738
1105333648028
FG67BMZ02SQPYR
1103242529548
FG5HGJH01CACHD
1105610288575
1105333514955
FG67BMZ01D58D4
FG5HGJH02Q5UQ1
1105333492705
FG67BMZ02SEA5Q
1106514264133
FG5HGJH01B0SXC
1103242244371
1105333412257
1103180424976
1103242544490
FG67BMZ02S9R65
1103242995734
1106514318969
FG67BMZ02Q4WAQ
1105499494711
1105499855455
FG5HGJH01BZRRJ
1103242418127
1106492456103
FG5HGJH02TH7RP
1105333627605
FG67BMZ01AEKQT
1105333319746
1105333590246
1105333592674
FG5HGJH02P7N5S
1105430415738
1103359142015
1105333652238
1103242677529
1103242980223
1103242351764
1105071075991
FG5HGJH01B5PZS
1106514387194
FG5HGJH02R30TI
1105499600897
1106514230066
FG67BMZ01CXE0P
1106492464927
1106514249345
1105297108016
1103242701773
1106514333572
1103242354133
1103242816283
FG67BMZ02QN420
1105430282119
1103180276040
1105333454716
1102140330772
1105430359861
FG5HGJH01DHIQD
1108800162107
FG67BMZ02TEJD5
1105333306685
1106492499132
1103242244340
1103242438874
1103242689894
FG67BMZ02RNLDT
FG67BMZ02QD2CV
1103180500795
1105609250978
FG5HGJH02R7YG5
1105333563853
1106492540942
1106514420572
1105333513052
1105333590105
1103242275891
1105333534785
1106492492196
FG5HGJH01BWEYF
1105333603383
1105430382740
1106467258281
1103180985354
1103242964234
1103242881330
FG67BMZ01EMF1E
FG5HGJH02SSZIK
FG5HGJH01ARMF6
1106514468165
1106428573170
FG5HGJH02Q4XSR
1103242631300
FG5HGJH01CRCPY
1106514447993
1105333575328
1106514372041
1106514258189
1105333618019
1105499904101
FG5HGJH02QGIXP
1101078176458
1103242581359
FG67BMZ01ELGNW
1103242994769
FG67BMZ02TNC5Y
FG5HGJH01D1ZH2
1106492517167
FG5HGJH02QHJNJ
FG67BMZ02QDUBB
1105430432122
FG5HGJH01CMO4E
1105333397701
FG67BMZ01CQADP
1101114326825
1105499814703
1105333566726
1106492493329
1105333300740
FG67BMZ01EZF6A
1105430526978
FG67BMZ01BK4TA
